$ANSIBLE_VAULT;1.1;AES256
32666331303862623031633635646639373132383963363766656131656262393734646639333938
3239616662633634303238346664373961366561643236620a613164353563313364396535386261
31313565333463313434356630363537626532643238366639323233353764366638363833363962
3861646239363334630a396339333462313434343630626236393836383937343037363437343161
34633538646664626130353164636164303862323038316662646136393762376462313233363636
38653633323936383330353237373631366666306534653565623530626461396562353532393232
30393333346266393537643732333363306365353438323831626135656664313132316635303464
33366337303839326238353962663661666563366465333835633439336662613566366237383934
30616633393835363534323735366163343636633864346438666661366133633465643261363333
32346464333563376532646236633463393833636431663563333330623835376234303065653139
37333532663566613338313237393233643739653366313937656235623839383433623130626631
62656432613336373030313163656236353537383963646135386337626331353363343233666466
38643235333963613865326334643164613235613830336238393638626130626335353235363335
61653063623666656130316639653764666337393430336464313633383130346465653965656236
31353465626365356339376466313562616137313461656261343639326631656132323664613563
36663961643533303730306364333361663538356634316436323963616239623330383233656230
39393931636231656264653563613562636265333466623935633839666265376337653139643035
64363865303936656132393935333365626633353637643962656164643939616436303736383665
62353965346339326261656162343763373562356134333530616265363361656637373061666138
38353135316365383364613134623237643337303765613330643165616139343166666632303936
31653337323034636431373338303361663830643338383765613737626363323662373238643063
37366562653130343530666464313837666132613262396339346335303266623039613238663365
34313734383036313335363865653230383830326564393836393938393262633439636562326539
66303964636432666335646430353435303432616263653864383834363062373432386430336439
39306632343864643732343837336530303032393462343935626362666330613165383964393863
30623538373639396137616434636663666134363138626561623066643466633831343264623933
63386535316238336430633662666536343535393565386562376333613735646137383935313138
39376339653531376135333665626238316463336233316437353238656339623937373061666361
35373532396139626338386564316433623834646665636637363031643234643635333463326164
62303832643432616435333630653039643865316261363866633765393530393531323430653730
62626134313137613735313732396665656131393932353930386538303937646361363132363265
61303062663839343736323161643365373136653634613439333033616232646662313434313737
38303134613137396130386564326535303736366266613435376563346161663066353339366633
39663961633663303039346431386231656635643064333934616633346231623231366666376231
30613566623636316338626436343734303363343666623837626339653437353863613763363836
65383030356431383662656264623038363363623465383262386666366538656461623465373066
65653237393734386134636535383134616365323062393733383566626439346662393830663161
38386534326465623037626631633861633736633937633865353831386266333633306261663338
38376332636463313735623938366665326364373232386166396237353931313033356662313237
33623931343566363134313039336262323132373961343335333133646461303133383535303737
64356565383136326438323465663433373065333463623166343163373432373234646339363962
63656437616336313935313164643831623861646337643533646435626362663539313433666631
66643863646635353164643730646137313330396130656562643061643138383131316139396464
61383466643231616536316162316630386232326663313963323034363038393566663735386337
66353132353864613337643132313631396532623237616364326439313762643835336561613863
63373163313135613665303533626264656662356261313730323138343962343361333262636364
36366235643434633363313535613331613935353264636162666261663965626337313662616663
36303632636230386430323831333438643638303538666164356539653539303164653334333038
32303331623933646465343338643565303531383739383166633630323738383131366335323134
33663338393330336662323830393232343264343430646133313931346637613035306235323363
61326338346434653938623735666464633136613237346533303031343861373530336264383237
64306632303264366466326632653466396539333436356666336639393364353032653865623964
30313365666539336164393539393530383266303339663461653836323235373134313639313332
37633630313738326161633364653133646265343830323063666136343232343663316433323562
64373434653962613432306635376165323136373063353435643839383232616165653661643561
61393737353132633034326338373163333638376163313930356162643963656461323766323533
35326436643965613061656561623438303165363030363433323036306535356562373737636231
36396539666631663362623030636565346231343939613834343234663339613639343134316262
33336233303438623363633861626336616636303734653936343830613261363063333532313434
30666163306363643732343131346538333539306335656630356339653965613230643335616164
63373462633031366138333731636362623066366564623036343466353965303634356161666138
65636138393237383331663066313437306338326232323861303761613161393032333535323035
65306130376561373437616230333465613364623765316361376433383362326630323035616138
33366465396438333733363933373335666435393563356231623430663165353230353734366636
31326639373366623233306133646633663239353338663233346662643531653638633835386631
65656335663934383134663233303235396430383632636261633865663964376636636464376434
62633666643637316464323366326161343030336264366135363931333866626436313636346638
35646566663336616234366131376261383862383137396461623833633465613830376632303262
38643330363030373733333864346132396436336433383266323032366261643062363938333262
31386661623237653632356137363131326533313239376537393939643238626334313030353964
31356365373832623066316161343738656131393437313935383031626162666639343734626262
38333361643434393464313838383833373535343261666639303934373066336539313436336331
35656264306637343061613964306636623766396532393133626130633837303163306534366434
62316638376431623363653665383339386364656438613232333132356562383333666233633030
63393463313736366665643435393164303236636139633238343766386261326663376464326631
63306434386431656338643232323866643331623831616639646565383632396235633631353037
37313034346465333061346331306434386562623332393635313663336666316130393561663763
62303839656238336237636433666163343864613830303535663834656134636531343235333039
36333931616233633339313861363738336566623532313266323633393638633135383265366265
30663638613833306366656563663833316431653735323964333465353261646130633662653561
35376162366535313661656130303437383937666632306138643830336538333237306661303032
66346237343563316632333839643232316337353866613833653236303662336664656436333963
61636233373330343331353234626637353834346639383438656661393432646238313761636532
66386437633830366639323464323866313837626334633538316662653537363033383139646562
62363665323631326432333365333239323061363533373837623064386366333235616161353163
33623335353335373333326663303739343839646462643064643833386538303564663564313035
61643466303131393431343537656636376432386566313262366137656566326264373266373734
34653732373835336362653732626337656633363438336230646363303431363331313137396437
30313565643736633534313465363435613037346265303634333062663361313732306339336234
62636530393462383964636163383436623836373563343338336535313034666136323434333737
39623436363963323939353465383034653234333761376166346334626639353432666335623937
64356562323139656566303862663661353966386431656536376533316339396334636230373338
39333930366534323036376232353063646535343233643664333966323734663533636361396335
35643533363336333439396531656166393633326262356136363238333365396434333139313033
37653733393461653764626663316132313735623539333030633632333138396462366236346235
64373433643839333236643265633263666465656665353563616664316636313838333039326363
62303065646661306466626634343865626562646136326563636432336336656637646134333462
36353930353363346430376366666132353861623666613064353038643930386563313462393364
33363231326534636164663866613736353661386366356434363039666431316538333265383261
32656566623838646132653038333631366164623039316464656362333837306633326565636365
63313863626161376239623138393865353662346230313332363166373463393132616230356263
35376434376634653538653762393864393565663137316137633566393564633661366534663539
30633135643462636666636161323433653231326562666632656233646264373733393130303263
61376234633235343037626532646163323063393163333365636665663764316537326337323531
30316238393335323639393664393264636134633663623436383862323739396666366233343561
62616337633665343132623366313938613030303563383331656332376432313031363433373161
35303862396535613131373161313164316234353264393038633963666265336535376566376437
65656334613833393763383430383539336533616566393833363661316664316565663432633664
36636336643334613562333866356462366139633430663434393263666430643761616332656435
38626236666538303435353261613162663137303538393362353666353036313533616365343664
38313339326235313532393536653432353934306266366535666132336631313733306433356364
30333466363639653431363364373936356531383838393238383535633661303831373630313363
39646334646131346238616138363631353964613333653562336432386632356161376537653466
37653239613939343235626630366234373065323236366431303734353765383861376436616236
32616266616266666636623433366463633139353934313864306535333735343435663438633161
65393332623039316531303936343332663334376635626538336565303662353937373061353761
64313631393639313132306563343364336438383765373464643362316161376138363231646561
63623865393734663034303235643130616337353836653533396664633133386463663832663563
62326432363261313335373364643636636139653134633638623761363937663166316438373833
62356439323236623033646135303034356663636163333939366664306530313133653930616437
66393064363161303363326261346436386634316534333639353434336464313333636366616561
39343261303935386233633732643738666233313638623936333862333063313563643634363965
62613962633662626332623634656262333135666139346230386331666462666664383864383438
30303665333163306163396332336337643530626362643039643934326433653862633765373636
39653835656362633237353964666563656239363864623165653431653932653534346565373666
33366365653264363030353136393265313562623439343635393830386133646132306635636436
61356139663136333834363135653163333466656633323134353939313064376132333763616438
37616139343237366230613531373037303730363535653738343763643363626461363734633630
39303766306366616463343234346534653863643865613238616333313331616462333364616231
64303239626536623632373631343835663137326466633235396634313965336363666362326435
35323161353362313565653565306139323637303362323633326335613939663132366432363433
34333061333565313733373636353735363130353434666131616365626562613461333861313130
64323830313232643137643239306439363266333532656230313037306238343965336462356435
3832386439306261316461333531393230353130373532646364
